  1.00   0.34   0.31  -0.38  -0.03  -0.12   0.04  -0.09   0.05
  0.34   1.00   0.20  -0.16  -0.44  -0.04  -0.01  -0.03   0.03
  0.31   0.20   1.00  -0.05  -0.08  -0.48   0.11  -0.08   0.00
 -0.38  -0.16  -0.05   1.00   0.07   0.04  -0.16   0.05  -0.07
 -0.03  -0.44  -0.08   0.07   1.00   0.00   0.03  -0.13   0.03
 -0.12  -0.04  -0.48   0.04   0.00   1.00  -0.01   0.01  -0.02
  0.04  -0.01   0.11  -0.16   0.03  -0.01   1.00   0.11   0.16
 -0.09  -0.03  -0.08   0.05  -0.13   0.01   0.11   1.00   0.01
  0.05   0.03   0.00  -0.07   0.03  -0.02   0.16   0.01   1.00
